/op false
>>
endobj

410 0 obj
<<
/Ordering (\202\003çÅ°ÄÚ¤)
/Registry (\212\003íÉ¡)
/Supplement 0
>>
endobj

411 0 obj
<<
/Ascent 1024
/CIDSet 110 0 R
/CapHeight 651
/Descent -360
/Flags 6
/FontBBox [-319 -360 1684 1024]
/FontFamily (À1\022\027-C\037\2115>)
/FontFile3 111 0 R
/FontName /FTYDMJ+MinionPro-Bold
/FontStretch /Normal
/FontWeight 700
/ItalicAngle 0
/StemV 128
/Type /FontDescriptor
/XHeight 442
>>
endobj

412 0 obj
<<
/BaseFont /FTYDMJ+MinionPro-Bold
/CIDSystemInfo 410 0 R
/DW 1000
/FontDescriptor 411 0 R
/Subtype /CIDFontType0
/Type /Font
/W [0
[500 217 285 380]
4
5
500
6
[764 715 242]
9
10
352
11
[405 577 254 342 254 327]
17
26
500
27
28
254
29
[548 577 548 399 766 706 637 676 761 581
554 727 783 378 366 703 551 888 740 766
599 758 659 505 641 729 711 979 693 655
619 351 332 351 559 500 242 466 534 422
547 437 331 492 550 295 288 513 278 843
566 525 547 536 404 383 339 555 465 683
482 465 445 357 270 357 577 285]
97
98
500
99
[180]
100
101
500
102
[482 500 199 445 456]
107
108
279
109
110
581
111
[511 506 492 254 519 399 253 471 445 456
983 1088 399]
124
136
400
137
[921 882 335 563 771 992 369 671 295 302
531 770 572 348 577 538 482 760 789 577
593 784 577 270 331 538 789 348 319 577
522 577 348 699]
171
176
706
177
[676]
178
181
581
182
185
378
186
[740]
187
191
766
192
[505]
193
196
729
197
198
655
199
[619]
200
205
466
206
[422]
207
210
437
211
214
295
215
[566]
216
220
525
221
[383]
222
225
555
226
227
465
228
[445 517]
230
231
500
232
[459]
233
238
789
239
[706 986 694 653 760 740 783 637 542 640
620 534 1053 776 493 296 548 558 551 553
566 336 406 744 1105 952 915 752 853 615
1140 1147 867 859 1112 867 924 859 581 575
826 581 637 583 902 717 844 854 581 815]
289
290
581
291
[630]
292
293
870
294
298
500
299
[895 466 777 611 575 555 631 517 495 599
661 347 337 603 495 734 600 618 547 621
588 452 543 603 606 793 594 549 529 656
663 347 621 543 596 656 545 453 903 771
833 295 606 684 664]
344
345
264
346
347
399
348
[549 367 474 441 501 413 527 451 495 523
504 479 563 514]
362
363
518
364
[538]
365
366
518
367
[536 748 1071 696 524 370 494 484 523 484
532 497 520 527 524 503 498 604 502 510
500 599 520 529 496]
392
411
523
412
[335 385 392]
415
416
316
417
[346 407]
419
420
219
421
[598 410 369 292 289 250]
427
436
348
437
438
187
439
440
348
441
[268]
442
443
237
444
453
348
454
455
187
456
457
348
458
[268]
459
460
237
461
470
348
471
472
187
473
474
348
475
[268]
476
477
237
478
487
348
488
489
187
490
491
348
492
[268]
493
494
237
495
497
606
498
[454 469 407 599]
502
507
706
508
[1058 813]
510
512
706
513
520
783
521
[566 783]
523
526
770
527
[640 770 598 681]
531
532
652
533
534
877
535
536
631
537
540
770
541
542
543
543
[288]
544
545
846
546
[766 921 511 285]
550
551
456
552
553
279
554
[342 399]
556
557
357
558
559
351
560
561
352
562
[254]
563
564
587
565
[613 575 757 568 406 499 750 560 553 662
770 550 581]
578
580
706
581
[731]
582
585
676
586
[761]
587
590
581
591
[580]
592
596
727
597
[783]
598
602
378
603
[366 703]
605
608
551
609
[888]
610
613
740
614
616
766
617
[771]
618
620
659
621
624
505
625
626
641
627
632
729
633
636
979
637
639
655
640
641
619
642
[882]
643
644
1105
645
646
466
647
[467 534]
649
652
422
653
[547]
654
658
437
659
663
492
664
[550]
665
666
295
667
[296 295 291 513]
671
673
278
674
[335 843]
676
679
566
680
682
525
683
[531]
684
686
404
687
[383 387]
689
690
383
691
692
339
693
698
555
699
702
683
703
705
465
706
707
445
708
[671 400]
710
711
500
712
724
400
725
728
611
729
[771]
730
734
611
735
[661]
736
737
555
738
[556]
739
740
555
741
[631]
742
750
517
751
755
599
756
[661]
757
760
347
761
[505]
762
765
347
766
[337 603]
768
771
495
772
[516 734]
774
778
600
779
785
618
786
[621 618]
788
790
588
791
792
452
793
[451]
794
795
452
796
797
543
798
804
603
805
[604]
806
807
603
808
811
793
812
816
549
817
819
529
820
[399 404 400 399 403 407 402 400 399 400
401]
831
833
400
834
[706 637 541 662 581 619 783 760 378 703
699 888 740 644 766 761 599 612 641 666
787 693 788 770 706 581 783]
861
862
378
863
[766]
864
865
666
866
[770]
867
873
706
874
882
953
883
887
706
888
895
581
896
901
783
902
910
1020
911
914
783
915
926
378
927
932
770
933
941
1048
942
945
770
946
953
766
954
[599 378]
956
963
666
964
[378 366 906 986 788 691 661 781 706 626
637 534 679 581 996 548]
980
981
782
982
[691 670 888 783]
986
987
766
988
[599 676 641 537 535 504 509 427 383 530
509 279 508 512 538 485 425 525 520 528
461 479 610 482 607 646 411 518 496 604
668 419 530 694 551 470 537 427 530]
1027
1028
279
1029
[525]
1030
1031
479
1032
[646 279 479]
1035
1042
537
1043
1048
427
1049
1056
530
1057
1064
279
1065
1070
525
1071
1078
479
1079
1086
646
1087
1088
537
1089
1090
427
1091
1092
530
1093
1094
279
1095
1096
525
1097
1098
479
1099
1100
646
1101
1108
537
1109
1116
530
1117
1124
646
1125
1130
537
1131
1135
530
1136
1141
279
1142
1145
479
1146
1147
520
1148
[479]
1149
1153
646
1154
[537 479]
1156
1159
264
1160
1177
400
1178
1179
424
1180
[400 661 791 693 780 712 999 1001 755 926
623 664 1016 673 466 512 522 413 504 437
760 429]
1202
1203
586
1204
[533 503 645 579 525 577 547 422 451 465
707 482 585 541]
1218
1219
808
1220
[594 748 502 450 768 542 437 522 413 450
383]
1231
1232
295
1233
[288 695 761 554 533 482 575 726 587 759
528 682 486 500 390 439 342 465 897 974
1124 1133 957 457 603 623 830 1006 806 1408
1744 1095 643 566 821 836 906 1602 1675 1584
427 892]
1275
1276
745
1277
[465 619 766 427 378 566 892]
1284
1287
400
1288
[766 729 539 569]
1292
1293
500
1294
1305
706
1306
1313
581
1314
1315
378
1316
1327
766
1328
1334
729
1335
1337
655
1338
1349
466
1350
1357
437
1358
1359
295
1360
1366
525
1367
1371
539
1372
1373
555
1374
1378
569
1379
1381
465
1382
1393
640
1394
1401
620
1402
1413
611
1414
1421
517
1422
1423
347
1424
1436
618
1437
1444
603
1445
1447
549
1448
1457
400
1458
[392]
1459
1480
400
1481
[611 575 555 631 517 495 599 661 347 337
603 495 734 600 618 547 621 588 452 543
603 606 793 594 549 529 656 663 621 543
596 656 545 453 771 833 684]
1518
1521
611
1522
[771]
1523
1528
611
1529
1530
555
1531
[556]
1532
1533
555
1534
[631]
1535
1543
517
1544
1548
599
1549
[661]
1550
1558
347
1559
[337 603]
1561
1564
495
1565
[516 734]
1567
1571
600
1572
1578
618
1579
[621 618]
1581
1583
588
1584
1585
452
1586
[451]
1587
1588
452
1589
1590
543
1591
1597
603
1598
[604]
1599
1600
603
1601
1604
793
1605
1609
549
1610
1612
529
1613
1624
611
1625
1632
517
1633
1634
347
1635
1647
618
1648
1655
603
1656
1658
549
1659
[505 387 641 339 342 217 400 180 254 347
180]
1670
1671
108
1672
[506 611 841 990 337 242 500 493 500 523
500 512 498 523]]
>>
endobj

413 0 obj
[412 0 R]
endobj

414 0 obj
<<
/BaseFont /FTYDMJ+MinionPro-Bold
/DescendantFonts 413 0 R
/Encoding /Identity-H
/Subtype /Type0
/ToUnicode 112 0 R
/Type /Font
>>
endobj

415 0 obj
<<
/Ordering (ðü\215Ù£Ú6ß)
/Registry (øü\207Õ²)
/Supplement 0
>>
endobj

416 0 obj
<<
/Ascent 989
/CIDSet 113 0 R
/CapHeight 651
/Descent -360
/Flags 6
/FontBBox [-290 -360 1684 989]
/FontFamily (x!HøT\n T°\006)
/FontFile3 114 0 R
/FontName /JNDRBV+MinionPro-Regular
/FontStretch /Normal
/FontWeight 400
/ItalicAngle 0
/StemV 80
/Type /FontDescriptor
/XHeight 437
>>
endobj

417 0 obj
<<
/BaseFont /JNDRBV+MinionPro-Regular
/CIDSystemInfo 415 0 R
/DW 1000
/FontDescriptor 416 0 R
/Subtype /CIDFontType0
/Type /Font
/W [0
[500 227 276 318]
4
5
480
6
[756 711 223]
9
10
346
11
[404 580 228 356 228 331]
17
26
480
27
28
228
29
[552 580 552 379 753 691 588 665 735 568
529 715 766 341 329 673 538 891 743 747
563 745 621 474 617 736 703 971 654 634
603 345 333 345 566 500 224 439 508 423
528 425 296 468 534 268 256 496 253 819
547 510 524 511 371 367 305 531 463 685
472 459 420 347 263 347 580 276]
97
98
480
99
[159]
100
101
480
102
[477 480 169 398 444]
107
108
279
109
[535 533 520 490 489 226 497 390 239 429
401 445 970 1062 379]
124
136
400
137
[922 869 305 550 749 973 334 671 268 273
513 770 545 341 580 512 459 737 762 580
549 762 580 263 343 514 762 341 321 580
505 580 341 702]
171
176
691
177
[661]
178
181
568
182
185
341
186
[743]
187
191
747
192
[474]
193
196
736
197
198
634
199
[603]
200
205
439
206
[421]
207
210
425
211
214
268
215
[547]
216
220
510
221
[367]
222
225
531
226
227
459
228
[420 503 500 480 418]
233
238
762
239
[691 926 666 627 737 736 766 613 518 637
606 499 1029 763 493 267 526 541 533 525
547 303 385 669 1071 914 876 722 803 561
1071 1081 798 787 1045 801 852 814 535 520
778 533 582 522 856 664 804 814 533 777]
289
290
533
291
[578]
292
293
800
294
298
480
299
[828 439 790 565 511 531 584 482 456 565
621 306 297 558 460 709 580 584 484 585
528 408 510 582 567 761 551 511 493 611
621 306 582 510 579 611 481 431 815 723
776 268 606 603 622 242 235 345 346 530
340 446 406 486 403 499 437 466 486 473
468 529 486 481 489 528 483 481 519 710
1009 711 493 338 465 452 497 454 495 464
475 488 493 480 479 574 480 482 480 568
483 486 482]
392
411
486
412
[305 349 355]
415
416
292
417
[306 372 194 192 543 371 334 262 265 228]
427
436
341
437
[178 177]
439
440
341
441
[259]
442
443
245
444
453
341
454
[178 177]
456
457
341
458
[259]
459
460
245
461
470
341
471
[178 177]
473
474
341
475
[259]
476
477
245
478
487
341
488
[178 177]
490
491
341
492
[259]
493
494
245
495
497
606
498
[454 469 407 563]
502
507
691
508
[1058 813]
510
512
691
513
520
766
521
[566 766]
523
526
757
527
[640 757 598 681]
531
532
652
533
534
877
535
536
631
537
540
757
541
542
510
543
[256]
544
545
846
546
[753 922 520 276 444 445]
552
553
279
554
[356 379]
556
557
347
558
559
345
560
561
346
562
[226]
563
564
579
565
[586 587 760 556 375 490 718 561 536 641
757 531 568]
578
580
691
581
[722]
582
585
665
586
[735]
587
591
568
592
596
715
597
[766]
598
602
341
603
[329 673]
605
608
538
609
[891]
610
613
743
614
616
747
617
[749]
618
620
621
621
[474 477]
623
624
474
625
626
617
627
629
736
630
[733]
631
632
736
633
636
971
637
639
634
640
641
603
642
[869]
643
644
1071
645
647
439
648
[512]
649
652
423
653
[528]
654
657
425
658
[424]
659
663
468
664
[534]
665
668
268
669
[258 496]
671
673
253
674
[271 819]
676
679
547
680
682
510
683
[513]
684
686
371
687
[367 366]
689
690
367
691
692
305
693
698
531
699
702
685
703
705
459
706
707
420
708
[671 367]
710
711
492
712
724
400
725
728
565
729
[723]
730
731
565
732
[568]
733
734
565
735
[643]
736
737
531
738
[528]
739
740
531
741
[584]
742
749
482
750
[487]
751
755
565
756
[621]
757
760
306
761
[474]
762
763
306
764
[308 306 297 558]
768
771
460
772
[478 709]
774
778
580
779
785
584
786
[582 584]
788
790
528
791
792
408
793
[412]
794
795
408
796
797
510
798
804
582
805
[584]
806
807
582
808
811
761
812
816
511
817
819
493
820
[401 402 401 381 401 375 404 400 401 400
401 400 367 401 691 588 507 641 568 603
766 739 341 673 686 891 743 607 747 738
563 598 617 655 754 654 725 757 691 568
766]
861
862
341
863
[747]
864
865
655
866
[757]
867
873
691
874
882
910
883
887
691
888
895
568
896
901
766
902
910
972
911
914
766
915
926
341
927
932
757
933
941
1007
942
945
757
946
953
747
954
[563 341]
956
963
655
964
[341 329 889 959 776 650 653 741 691 580
588 512 649 568 954 518]
980
981
752
982
[650 645 891 766 747 735 563 665 617 523
510 495 497 403 381 509 490 245]
1000
1001
493
1002
[512 476 404 510 501 515 446 481 587 467
605 645 403 497 496 582 665 404 508 669
544 453 523 403 509]
1027
1028
245
1029
[510]
1030
1031
481
1032
[645 245 481]
1035
1042
523
1043
1048
403
1049
1056
509
1057
1064
245
1065
1070
510
1071
1078
481
1079
1086
645
1087
1088
523
1089
1090
403
1091
1092
509
1093
1094
245
1095
1096
510
1097
1098
481
1099
1100
645
1101
1108
523
1109
1116
509
1117
1124
645
1125
1130
523
1131
1135
509
1136
1141
245
1142
1145
481
1146
1147
501
1148
[481]
1149
1153
645
1154
[523 481]
1156
1159
230
1160
1171
400
1172
[353]
1173
1177
400
1178
1179
405
1180
[400 653 767 654 741 666 958 960 720 840
581 644 956 636 439 501 486 389 490 425
726 408]
1202
1203
555
1204
[500 494 640 553 510 552 524 423 441 459
672 472 556 507 771 775 566 681 468 440
707 500 425 500 389 449 367]
1231
1232
268
1233
[256 673 719 533 500 468 545 689 547 736
511 680 467 477 366 428 356 411 872 974
1124 1133 957 457 603 623 830 1006 806 1408
1744 1095 643 566 821 836 906 1602 1675 1584
427 892]
1275
1276
745
1277
[465 619 776 427 341 566 892]
1284
1287
400
1288
[747 736 525 547]
1292
1293
480
1294
1305
691
1306
1313
568
1314
1315
341
1316
1327
747
1328
1334
736
1335
1337
634
1338
1349
439
1350
1357
425
1358
1359
268
1360
1366
510
1367
1371
525
1372
1373
531
1374
1378
547
1379
1381
459
1382
1393
637
1394
1401
606
1402
1413
565
1414
1421
482
1422
1423
306
1424
1436
584
1437
1444
582
1445
1447
511
1448
1457
400
1458
[392]
1459
1480
400
1481
[565 511 531 584 482 456 565 621 306 297
558 460 709 580 584 484 585 528 408 510
582 567 761 551 511 493 611 621 582 510
579 611 481 431 723 776 603]
1518
1521
565
1522
[723]
1523
1524
565
1525
[568]
1526
1528
565
1529
1530
531
1531
[528]
1532
1533
531
1534
[584]
1535
1542
482
1543
[487]
1544
1548
565
1549
[621]
1550
1556
306
1557
[308 306 297 558]
1561
1564
460
1565
[478 709]
1567
1571
580
1572
1578
584
1579
[582 584]
1581
1583
528
1584
1585
408
1586
[412]
1587
1588
408
1589
1590
510
1591
1597
582
1598
[584]
1599
1600
582
1601
1604
761
1605
1609
511
1610
1612
493
1613
1624
565
1625
1632
482
1633
1634
306
1635
1647
584
1648
1655
582
1656
1658
511
1659
[477 366 617 305 356 227 400 159 226 306
159]
1670
1671
105
1672
[495 565 762 916 297 223 480 461 480 486
480 472 468 486]]
>>
endobj

418 0 obj
[417 0 R]
endobj

419 0 obj
<<
/BaseFont /JNDRBV+MinionPro-Regular
/DescendantFonts 418 0 R
/Encoding /Identity-H
/Subtype /Type0
/ToUnicode 115 0 R
/Type /Font
>>
endobj

420 0 obj
<<
/Ordering (\224\006ÇØ\220l§µ)
/Registry (\234\006ÍÔ\201)
/Supplement 0
>>
endobj

421 0 obj
<<
/Ascent 1056
/CIDSet 116 0 R
/CapHeight 716
/Descent -376
/Flags 4
/FontBBox [-628 -376 2000 1056]
/FontFamily (³n\210\020x)
/FontFile2 117 0 R
/FontName /GJDQWC+Arial-BoldMT
/FontStretch /Normal
/FontWeight 700
/ItalicAngle 0
/StemV 136
/Type /FontDescriptor
/XHeight 519
>>
endobj

422 0 obj
<<
/BaseFont /GJDQWC+Arial-BoldMT
/CIDSystemInfo 420 0 R
/CIDToGIDMap /Identity
/DW 1000
/FontDescriptor 421 0 R
/Subtype /CIDFontType2
/Type /Font
/W [0
[750 0 278 278 333 474 556 556 889 722
238 333 333 389 584 278 333 278 278 556
556 556 556 556 556 556 556 556 556 333
333 584 584 584 611 975 722 722 722 722
667 611 778 722 278 556 722 611 833 722
778 667 778 722 667 611 722 667 944 667
667 611 333 278 333 584 556 333 556 611
556 611 556 333 611 611 278 278 556 278
889 611 611 611 611 389 556 333 611 556
778 556 556 500 389 280 389 584 722 722
722 667 722 778 722 556 556 556 556 556
556 556 556 556 556 556 278 278 278 278
611 611 611 611 611 611 611 611 611 611
556 400 556 556 556 350 556 611 737 737]
141
[333 333 549]
145
[778 713 549 549 549 556 576 494 713 823
549 274 370 365 768 889 611 611 333 584
549 556 549 612 556 556]
172
[722 722 778]
176
[944 556]
179
[500 500 278 278 549 494 556 667 167 556
333 333 611 611 556 278 278 500]
198
[722 667 722 667 667 278 278 278 278 778
778 778 722 722 722 278 333 333 333 333
333 333 333 333 333 333 611 278 667 556
611 500 280 722 611 667 556 667 611 584
584 333 333 333 834 834 834 556 778 611
278 667 556 722 556 722 556 611 552 333
722 556 722 556 722 719 722 667 556 667
556 611 278 611 385 611 479 722 611 722
611 778 611 722 389 722 389 667 556 611
333 611 479 722 611 722 611 611 500 611
500 601 778 821 615 606 475 684 446 715
552 604 396 1094]
313
[500]
315
[500]
317
[500 500 979 722 583 604 584 604 604 708
625 708 708 708 708 708 708 708 708 708
708 708 708 708 708 708 708 708 708 708
708 708 708 708 708 708 708 708 708 708
708 708 708 708 708 708 708 708 708 708
708 708 708 708 708 708 729 604]
376
[990 990 990 990 604 604 604 1021 1052 917
750 750 531 656 594 510 500 750 785 556
708 240 479 885 489 604 354 354 604 354
722 556 722 556 722 556 667 556 667 556
667 556 778 611 778 611 778 611 722 611
722 611 278 278 278 278 278 278 278 278
556 278 722 556 556 611 278 722 611 723
611 778 611 778 611 722 389 667 556 611
333 722 611 722 611 722 611 722 611 944
778 667 556 278 722 556]
473
[889 778 611 333 944 778 944 778 944 778
667 556 278 333 556 600 834 834 834 834
333 333 333 465 722 853 906 474 825 927
838 278 722 722 719 667 611 722 278 722
667 833 722 644 778 722 667 600 611 667
667 809 802 278 667 615 451 611 278 582
610 556 460 611 541 278 558 556 612 556
445 611 619 520 582 576 753 845 278 582
611 582 845 669 885 567 711 667 278 276
556 1094 1063 875 610 622 719 722 719 722
567 712 667 904 626 719 719 610 702 833
722 778 719 667 722 611 622 854 667 730
703 1005 1019 870 979 719 711 1031 719 556
618 615 417 635 556 709 497 615 615 500
635 740 604 611 604 611 556 490 556 875
556 615 581 833 844 729 854 615 552 854
583 556 611 417 552 556 278 281 278 969
906 611 500 556 604 487 447]
651
[1115 766 0 0 0 0 0 0 0 0
0 0 0 0 0 447 0 299 0 0
333 583 576 457 550 614 273 413 616 626
273 521 491 496 611 630 273 386 613 543
594 587 500 512 573 521 715 673 546 546
546 276 504 818 273 521 521 496 496 559
715 715 715 715 583 583 583 576 454 550
614 323 438 626 323 521 491 496 630 386
613 594 587 512 573 521 715 673 273 576
491 587 607 0 0 0 0 319 319 356
469 198 0 0 0 0 0 0 0 0
562 562 562 562 562 562 562 562 562 562
526 319 526 750 750 343 750 562 562 562
750 750 750 750 750 0 750 750 750 750
750 750 750 750 612 750 750 750 649 649
271 271 750 750 750 750 577 559 523 523
433 433 757 879 360 542 757 879 360 542
645 554 415 750 750 750 750 750 750 750
750 750 750 750 750 750 750 750 0 0
0 0 0 750 750 0 0 0 0 0
0 0 0 0 0 0 0 0 0 0
0 556]
864
[750 750 750 750 750 750 750 750 750 750
750 750 750 750 750 750 750 750 750 750
750 750 750 750 750 750 750 750 319 319
750 703 469 238 253 217 234 451 451 217
234 645 577 271 271 217 234 649 649 271
271 343 415 649 649 271 271 649 649 271
271 577 559 523 523 577 559 523 523 577
559 523 523 343 343 343 343 433 433 433
433 899 899 608 608 899 899 608 608 1063
1063 771 771 1063 1063 771 771 523 523 523
523 523 523 523 523 541 469 541 360 541
469 541 360 758 758 305 324 612 612 305
324 541 541 360 360 451 451 234 234 360
360 415 415 541 541 271 271 343 415 469
451 451 451 645 554 645 577 271 271 541
596 486 541 486 541 486 541 750 750 0
0 750 750 750 0 0 750 750 0 0
750 750 750 0 0 0 0 0 0 750
0 0 750 750 750 750 750 750 750 750
750 750 750 750 750 750 750 750 750 750
750 750 750 750 750 750 750 750 750 750
750 750 750 750 750 750 750 750 750 750
750 750 750 750 750 750 750 750 750 750
750 750 750 750 750 750 319 319 319 750
750 750 750 750 750 750 750 750 750 750
750 750 750 750 750 750 750 750 750 750
750 750 343 125]
1129
[2000 853 711 830 724 0 0 0 0 0
0 0 0 0 0 0 0 0 0 0
0 513 834 834 0 0 0 0 0 0
0 0 0 0 0 0 0 0 0 0
0 0 0 0 0 0 0 0 0 0
0 0 0 0 0 0 0 0 278 722
556 722 556 722 556 722 556 722 556 722
556 722 556 722 556 722 556 722 556 722
556 722 556 667 556 667 556 667 556 667
556 667 556 667 556 667 556 667 556 278
278 278 278 778 611 778 611 778 611 778
611 778 611 778 611 778 611 853 711 853
711 853 711 853 711 853 711 722 611 722
611 830 724 830 724 830 724 830 724 830
724 667 556 667 556 667 556 722 556 278
278 778 611 722 611 722 611 722 611 722
611 722 611 0 0 0 0 567 417 904
709 610 500 610 500 722 604 556 556 556
556 667 556 703 581 703 611 726 556 778
611 649 271 305 324 612 271 271 271 271
271 271 0 0 0 333 333 0 0 0
0 217 234 217 234 217 234 217 234 451
451 451 451 645 554 649 649 271 271 649
649 271 271 649 649 271 271 649 649 271
271 649 649 271 271 649 649 271 271 649
649 271 271 577 559 523 523 577 559 523
523 577 559 523 523 577 559 523 523 577
559 523 523 577 559 523 523 343 343 343
343 343 343 343 343 343 343 343 343 343
343 343 343 343 343 433 433 433 433 433
433 433 433 433 433 433 433 433 433 433
433 899 899 608 608 899 899 608 608 899
899 608 608 1063 1063 771 771 1063 1063 771
771 523 523 541 469 541 360 758 758 758
305 324 758 758 305 324 758 758 305 324
758 758 305 324 758 758 305 324 612 612
612 612 1155 1155 906 906 757 879 360 542
541 541 360 360 541 541 360 360 541 541
360 360 757 879 360 542 757 879 360 542
757 879 360 542 757 879 360 542 757 879
360 542 451 451 234 234 451 451 234 234
451 451 234 234 451 451 234 234 541 541
271 271 541 541 541 541 541 541 271 271
541 541 577 559 523 523 343 415 388 388
388 451 451 451 451 451 451 451 451 451
451 451 451 451 451 451 451 645 554 645
554 271 271 451 451 645 554 271 271 645
554 812 812 812 812 207 0 0 0 0
0 0 0 1123 1084 0 0 0 0 0
0 213 371 0 0 600 0 0 0 899
899 608 608 1063 1063 771 771 541 469 541
360 469 360 343 271 320 244 244 244 244
244 757 879 273 0 414 546 486 541 486
541 486 541 486 541 486 541 486 541 486
541 562 562 486 541 611 836 719 611 719
611 722 722 556 722 837 719 611 606 667
626 611 778 637 931 278 278 722 556 278
556 992 722 611 778 887 744 782 611 667
667 556 600 360 333 611 333 611 802 722
770 556 611 500 611 611 526 526 556 556
497 579 611 280 498 584 333 1333 1222 1111
1167 889 556 1278]
1744
[889 556 722 556 0 722 556]
1752
[889 778 611 778 611 722 556 778 611 778
611 611 526 278 1333 1222 1111 778 611 1033
665 722 611 722 556 722 556 667 556 667
556 278 278 278 278 778 611 778 611 722
389 722 389 722 611 722 611 667 556 611
333 577 520 722 611 703 631 631 611 500
722 556 667 556 778 611 0 778 611 778
611 778 611 667 556 556 611 611 611 556
556 611 611 556 782 497 497 691 567 333
611 611 586 556 601 611 611 611 278 278
405 332 356 278 604 889 889 889 611 611
615 611 833 845 750 389 389 389 389 389
389 389 583 583 556 333 333 333 540 333
333 611 621 582 556 778 556 571 500 680
526 526 556 556 556 556 778 615 567 586
604 458 556 452 611 556 556 1031 942 1210
813 534 824 869 776 692 534 563 368 368
194 252 252 252 375 523 360 238 474 278
278 278 333 333 375 375 584 584 584 584
333 333 333 333 333 333 333 333 333 333
333 333 333 333 333 333 333 366 141 376
366 375 383 383 383 383 383 333 333 333
333 500 542 542 542 542 542 542 542 542
542 383 542 542 542 542 542 383 542 542
542 542 542 383 542 542 542 542 542 383
542 542 542 542 542 383 542 542 542 542
542 542 542 542 542 383 542 542 542 542
542 383 542 542 542 542 542 383 542 542
542 542 542 383 542 542 542 542 542 383
542 542 542 542 542 542 542 542 542 383
542 542 542 542 542 383 542 542 542 542
542 383 542 542 542 542 542 383 542 542
542 542 542 383 542 542 542 542 542 542
542 542 542 383 542 542 542 542 542 383
542 542 542 542 542 383 542 542 542 542
542 383 542 542 542 542 542 383 542 542
542 542 0 0 0 0 0 0 0 0
0 0 0 0 0 0 0 0 0 0
0 0 0 0 0 0 0 0 0 0
0 0 0 0 0 0 0 0 0 0
0 0 0 0 0 0 0 0 0 0
0 0 0 0 0 0 0 0 0 0
0 0 0 0 0 0 0 0 0 0
0 0 0 0 0 0 0 0 0 0
0 0 0 0 0 0 0 0 0 0
0 0 0 333 333 333 610 582 770 1001
770 750 845 676 778 611 722 556 611 452
751 529 804 610 992 889 703 611 703 605
667 667 643 604 735 578 507 439 676 618
556 278 778 479 479 667 719 556 615 1280
778 869 703 976 796 667 556 926 800 809
753 1077 980 626 497 809 753 778 611 815
646 815 646 1120 974 814 638 1280 901 0
1280 778 722 556 584 0 0 0 0 0
0 719 615 719 615 667 611 703 598 626
497 610 500 761 623 879 714 1126 921 722
578 722 556 611 490 853 689 703 581 856
678 856 678 278 904 709 702 598 702 635
722 604 722 604 703 581 833 740 333 722
556 722 556]
2346
[889 667 556 726 556 904 709 626 497 626
526 719 615 719 615 778 611 778 611 711
552 622 556 622 556 622 556 703 581 979
854 719 611 1030 935 959 846 658 536 1013
956 1033 925 778 586 766 701 0 0 0
0 0 0 0 0 0 0 0 0 0
0 0 0 0 0 0 0 0 0 0
0 0 0 0 0 0 0 0 0 0
0 0 0 0 0 722 556 722 611 722
611 722 611 722 556 722 611 722 611 722
611 722 611 722 611 667 556 667 556 667
556 667 556 667 556 611 333 778 611 722
611 722 611 722 611 722 611 722 611 278
278 278 278 722 556 722 556 722 556 611
278 611 278 611 278 611 278 833 889 833
889 833 889 722 611 722 611 722 611 722
611 778 611 778 611 778 611 778 611 667
611 667 611 722 389 722 389 722 389 722
389 667 556 667 556 667 556 667 556 667
556 611 333 611 333 611 333 611 333 722
611 722 611 722 611 722 611 722 611 667
556 667 556 944 778 944 778 667 556 667
556 667 556 611 500 611 500 611 500 611
333 778 556 556 278 615 615 615 615 615
615 615 615 722 722 869 869 869 869 869
869 475 475 475 475 475 475 765 765 960
960 960 960 611 611 611 611 611 611 611
611 820 820 1015 1015 1015 1015 1015 1015 278
278 278 278 278 278 278 278 375 375 571
571 571 571 571 571 611 611 611 611 611
611 827 827 1042 1042 973 973 582 582 582
582 582 582 582 582 813 999 1048 960 845
845 845 845 845 845 845 845 851 851 1065
1065 997 997 997 997 615 615 475 475 611
611 278 278 611 611 582 582 845 845 615
615 615 615 615 615 615 615 722 722 869
869 869 869 869 869 611 611 611 611 611
611 611 611 820 820 1015 1015 1015 1015 1015
1015 845 845 845 845 845 845 845 845 851
851 1065 1065 997 997 997 997 615 615 615
615 615 615 615 722 722 722 722 722 333
333 333 333 333 611 611 611 611 611 862
862 917 917 722 333 333 333 278 278 278
278 278 278 278 278 473 473 333 333 333
582 582 582 582 619 619 582 582 667 667
862 911 765 465 465 333 845 845 845 845
845 924 827 948 851 802 333 333 556 722
722 889 722 1225 944 722 611 1086 500 594
0 0 0 0 278 278 556 667 837 499
833 506 729 729 333 333 333 333 333 333
333 333 333 333 333 333 333 333 397 397
333 0 0 0 0 0 0 0 0 0
0 0 667 611 588 776 889 615 556 575
575 500 497 278 507 558 452 740 615 611
556 618 618 618 944 571 611 611 614 583
583 490 582 611 768 609 556 778 500 484
493 615 417 556 604 614 753 635 486 696
454 454 455 417 417 501 436 181 358 461
390 517 433 434 519 435 419 459 433 435
635 377 377 391 589 391 391 376 376 351
351 391 141 349 564 368 410 380 411 411
391 217 368 407 564 364 412 388 364 408
481 379 141 252 368 364 388 364 407 481
379 936 1324 332 1309 657 239 541 0 0
0 0 0 0 0 0 0 343 343 433
433 469 451 469 451 723 696 761 637 643
757 668 820 584 0 0 0 556 500 479
234 234 234 234 852 1189 500]
3024
[500]
3026
[333 250 167 556 278 200 83 0 737 722
833 740 922 954 954 722 722 556 611 611
556 500 645 0 0 0 0 0 619 722
722 722 567 417 0 0 0 386 0 324
405 0 0 0 0 0 0 0 649 649
271 271 649 649 271 271 649 649 271 271
649 649 271 271 649 649 271 271 649 649
271 271 649 649 271 271 577 559 523 523
577 559 523 523 343 343 343 343 433 433
899 899 608 608 541 469 541 360 541 469
541 360 541 469 541 360 758 758 305 324
758 758 305 324 757 879 360 542 757 879
360 542 757 879 360 542 360 360 415 415
360 360 415 415 541 541 271 271 541 541
271 271 541 541 271 271 451 451 234 234
433 433 433 433 899 899 608 608 611 611
333 889 611 611 389 389 556 333 500 611
367 607 873 278 278 611 582 621 611 611
333 768 556 278 889 611 611 389 556 466
556 556 500 556 611 611 556 497 497 655
278 556 333 611 526 391 380 380 410 351
242 242 391 368 182 141 141 182 308 194
164 286 564 564 421 421 372 410 501 376
278 217 406 421 364 364 364 361 361 468
380 363 0 0 0 0 333 377 376 410
366 376 778 722 667 722 333 615 615 615
615 615 615 615 615 278 278 278 278 278
278 278 278 582 582 582 582 582 582 582
582 278 278 278 278 582 582 582 582 486
541 484 722 722 667 667 556 556 278 775
611 722 389 667 556 556 556 556 278 567
417 667 556 667 556 626 497 702 635 0
0 0 0 0 0 0 0 0]
3355
[500 556 611 278 611 667 722 556 333 722
611 722 556 611 500 556 541 436 715 0
0 0 0 0 0 278 723 722 723 0
0 0 0 0 0 0 0 0 0 0
778 611 944 778 715 0 763 606 1044 858
333 389 238 238 500 500 333 333 333 333
0 0 0 0 0 0 0 0 611 556
580 434 566 541 566 546 568 525 556 570
554 438 563 563 576 563 567 529 556 567
705 728 731 1146 731 386 699 778 611 264
555 308 611 289 611 556 556 386 308 278
602 616 597 618 565 520 655 634 289 477
619 521 770 631 661 568 666 620 560 512
615 571 790 579 581 520 850 840 521 660
569 618 632 602 602 602 602 602 602 597
565 565 565 565 289 289 289 289 631 661
661 661 661 661 615 615 615 615 581 602
602 602 597 597 655 618 618 565 565 565
565 565 655 655 597 634 634 289 289 289
289 289 730 477 619 521 521 521 521 631
631 631 625 661 661 661 620 620 620 560
560 560 560 512 512 512 512 615 615 615
615 615 615 790 790 790 790 581 581 581
520 520 520 602 850 660 602 616 511 602
565 520 634 661 289 619 560 770 631 528
661 625 568 515 512 581 689 579 679 670
602 565 634 289 661 581 670 289 581 565
729 511 599 560 289 289 477 896 912 692
560 542 623 602 616 616 511 610 565 825
542 631 631 560 588 770 634 661 625 568
597 512 542 702 579 628 593 845 854 719
837 591 599 860 620 424 333 333 333 333
333 333 333 333 333 333 333 333 333 705
705 705 705 705 705 705 705 705 705 705
728 728 728 728 728 728 728 728 728 728
728 731 731 731 731 731 731 731 731 731
731 731 731 731 386 386 386 386 386 386
386 386 386 538 386 386 386 308 308 378
394 308 386 386 386 386 386 386 386 386
699 611 611 611 611 611 611 611 611 611
264 555 308 308 378 394 308 289 289 435
289 611 611 611 611 604 560 597 655 333
333 333 333 703 616 616 826 604 736 274
274 274 274 274 274 274 274 274 274 274
274 274 274 274 1674 1774 0 1923 0 0
0 0 577 559 523 523 577 559 523 523
899 899 608 608 433 433 577 559 523 523
217 234 217 234 645 554 271 271 645 554
271 271 645 554 271 271 451 451 451 451
812 812 812 812 577 559 523 523 899 899
608 608 899 899 608 608 541 541 360 360
538 581 530 579 965 742 892 636 1483 0
0 0 0 0 645 554 271 271 757 879
360 542 757 879 360 542 645 554 271 271
645 554 271 271 645 554 271 271 0 541
462 611 585 719 634 722 611 1300 558 667
1019 864 809 802 997 864 722 558 1107 947
1127 916 719 604 703 611 333 333 606 840
513 635 606 705 652 833 722 763 700 389
611 500 194 364 667 611 278 947 1405 1103
1410 1923 198 198 198 234 207 207 198 207
290 207 207 198 207 198 207 198 207 198
207 198 244 244 244 244 244 272 244 200
343 343 595 371 371 548 548 673 673 673
673 673 673 673 673 553 553 528 553 553
528 649 649 271 271 577 559 523 523 523
523 523 523 758 758 305 324 612 612 305
324 451 451 234 234 360 360 415 415 645
577 271 271 645 577 271 271 403 403 451
451 427 427 0 0 0 0 0 0 0
0 0 0 0 0 0 0 0 0 0
0 0 0 0 0 0 0 0 0 0
486 541 0 457 550 614 673 0 0 319
319 559 559 559 559 559 559 559 559 559
612 319 394 273 185 556 902 824]]
>>
endobj

423 0 obj
[422 0 R]
endobj

424 0 obj
<<
/BaseFont /GJDQWC+Arial-BoldMT
/DescendantFonts 423 0 R
/Encoding /Identity-H
/Subtype /Type0
/ToUnicode 118 0 R
/Type /Font
>>
endobj

425 0 obj
<<
/Ordering (Ãß\230k\201\212®ò)
/Registry (Ëß\222g\220)
/Supplement 0
>>
endobj

426 0 obj
<<
/Ascent 1056
/CIDSet 119 0 R
/CapHeight 716
/Descent -376
/Flags 4
/FontBBox [-628 -376 2000 1056]
/FontFamily (\)\200\206\222\236)
/FontFile2 120 0 R
/FontName /LMLNFX+Arial,Bold
/FontStretch /Normal
/FontWeight 700
/ItalicAngle 0
/StemV 136
/Type /FontDescriptor
/XHeight 519
>>
endobj

427 0 obj
<<
/BaseFont /LMLNFX+Arial,Bold
/CIDSystemInfo 425 0 R
/CIDToGIDMap /Identity
/DW 1000
/FontDescriptor 426 0 R
/Subtype /CIDFontType2
/Type /Font
/W [0
[750 0]
2
3
278
4
[333 474]
6
7
556
8
[889 722 238]
11
12
333
13
[389 584 278 333]
17
18
278
19
28
556
29
30
333
31
33
584
34
[611 975]
36
39
722
40
[667 611 778 722 278 556 722 611 833 722
778 667 778 722 667 611 722 667 944]
59
60
667
61
[611 333 278 333 584 556 333 556 611 556
611 556 333]
74
75
611
76
77
278
78
[556 278 889]
81
84
611
85
[389 556 333 611 556 778]
91
92
556
93
[500 389 280 389 584]
98
100
722
101
[667 722 778 722]
105
115
556
116
119
278
120
129
611
130
[556 400]
132
134
556
135
[350 556 611]
138
139
737
141
142
333
143
[549]
145
[778 713]
147
149
549
150
[556 576 494 713 823 549 274 370 365 768
889]
161
162
611
163
[333 584 549 556 549 612]
169
170
556
172
173
722
174
[778]
176
[944 556]
179
180
500
181
182
278
183
[549 494 556 667 167 556]
189
190
333
191
192
611
193
[556]
194
195
278
196
[500]
198
[722 667 722]
201
202
667
203
206
278
207
209
778
210
212
722
213
[278]
214
223
333
224
[611 278 667 556 611 500 280 722 611 667
556 667 611]
237
238
584
239
241
333
242
244
834
245
[556 778 611 278 667 556 722 556 722 556
611 552 333 722 556 722 556 722 719 722
667 556 667 556 611 278 611 385 611 479
722 611 722 611 778 611 722 389 722 389
667 556 611 333 611 479 722 611 722]
294
295
611
296
[500 611 500 601 778 821 615 606 475 684
446 715 552 604 396 1094]
313
[500]
315
[500]
317
318
500
319
[979 722 583 604 584]
324
325
604
326
[708 625]
328
372
708
373
[729 604]
376
379
990
380
382
604
383
[1021 1052 917]
386
387
750
388
[531 656 594 510 500 750 785 556 708 240
479 885 489 604]
402
403
354
404
[604 354 722 556 722 556 722 556 667 556
667 556 667 556 778 611 778 611 778 611
722 611 722 611]
428
435
278
436
[556 278 722]
439
440
556
441
[611 278 722 611 723 611 778 611 778 611
722 389 667 556 611 333 722 611 722 611
722 611 722 611 944 778 667 556 278 722
556]
473
[889 778 611 333 944 778 944 778 944 778
667 556 278 333 556 600]
489
492
834
493
495
333
496
[465 722 853 906 474 825 927 838 278]
505
506
722
507
[719 667 611 722 278 722 667 833 722 644
778 722 667 600 611]
522
523
667
524
[809 802 278 667 615 451 611 278 582 610
556 460 611 541 278 558 556 612 556 445
611 619 520 582 576 753 845 278 582 611
582 845 669 885 567 711 667 278 276 556
1094 1063 875 610 622 719 722 719 722 567
712 667 904 626]
578
579
719
580
[610 702 833 722 778 719 667 722 611 622
854 667 730 703 1005 1019 870 979 719 711
1031 719 556 618 615 417 635 556 709 497]
610
611
615
612
[500 635 740 604 611 604 611 556 490 556
875 556 615 581 833 844 729 854 615 552
854 583 556 611 417 552 556 278 281 278
969 906 611 500 556 604 487 447]
651
[1115 766]
653
665
0
666
[447 0 299]
669
670
0
671
[333 583 576 457 550 614 273 413 616 626
273 521 491 496 611 630 273 386 613 543
594 587 500 512 573 521 715 673]
699
701
546
702
[276 504 818 273]
706
707
521
708
709
496
710
[559]
711
714
715
715
717
583
718
[576 454 550 614 323 438 626 323 521 491
496 630 386 613 594 587 512 573 521 715
673 273 576 491 587 607]
744
747
0
748
749
319
750
[356 469 198]
753
760
0
761
770
562
771
[526 319 526]
774
775
750
776
[343 750]
778
780
562
781
785
750
786
[0]
787
794
750
795
[612]
796
798
750
799
800
649
801
802
271
803
806
750
807
[577 559]
809
810
523
811
812
433
813
[757 879 360 542 757 879 360 542 645 554
415]
824
838
750
839
843
0
844
845
750
846
861
0
862
[556]
864
891
750
892
893
319
894
[750 703 469 238 253 217 234]
901
902
451
903
[217 234 645 577]
907
908
271
909
[217 234]
911
912
649
913
914
271
915
[343 415]
917
918
649
919
920
271
921
922
649
923
924
271
925
[577 559]
927
928
523
929
[577 559]
931
932
523
933
[577 559]
935
936
523
937
940
343
941
944
433
945
946
899
947
948
608
949
950
899
951
952
608
953
954
1063
955
956
771
957
958
1063
959
960
771
961
968
523
969
[541 469 541 360 541 469 541 360]
977
978
758
979
[305 324]
981
982
612
983
[305 324]
985
986
541
987
988
360
989
990
451
991
992
234
993
994
360
995
996
415
997
998
541
999
1000
271
1001
[343 415 469]
1004
1006
451
1007
[645 554 645 577]
1011
1012
271
1013
[541 596 486 541 486 541 486 541]
1021
1022
750
1023
1024
0
1025
1027
750
1028
1029
0
1030
1031
750
1032
1033
0
1034
1036
750
1037
1042
0
1043
[750]
1044
1045
0
1046
1099
750
1100
1102
319
1103
1125
750
1126
[343 125]
1129
[2000 853 711 830 724]
1134
1149
0
1150
[513]
1151
1152
834
1153
1186
0
1187
[278 722 556 722 556 722 556 722 556 722
556 722 556 722 556 722 556 722 556 722
556 722 556 722 556 667 556 667 556 667
556 667 556 667 556 667 556 667 556 667
556]
1228
1231
278
1232
[778 611 778 611 778 611 778 611 778 611
778 611 778 611 853 711 853 711 853 711
853 711 853 711 722 611 722 611 830 724
830 724 830 724 830 724 830 724 667 556
667 556 667 556 722 556]
1278
1279
278
1280
[778 611 722 611 722 611 722 611 722 611
722 611]
1292
1295
0
1296
[567 417 904 709 610 500 610 500 722 604]
1306
1309
556
1310
[667 556 703 581 703 611 726 556 778 611
649 271 305 324 612]
1325
1330
271
1331
1333
0
1334
1335
333
1336
1339
0
1340
[217 234 217 234 217 234 217 234]
1348
1351
451
1352
[645 554]
1354
1355
649
1356
1357
271
1358
1359
649
1360
1361
271
1362
1363
649
1364
1365
271
1366
1367
649
1368
1369
271
1370
1371
649
1372
1373
271
1374
1375
649
1376
1377
271
1378
1379
649
1380
1381
271
1382
[577 559]
1384
1385
523
1386
[577 559]
1388
1389
523
1390
[577 559]
1392
1393
523
1394
[577 559]
1396
1397
523
1398
[577 559]
1400
1401
523
1402
[577 559]
1404
1405
523
1406
1423
343
1424
1439
433
1440
1441
899
1442
1443
608
1444
1445
899
1446
1447
608
1448
1449
899
1450
1451
608
1452
1453
1063
1454
1455
771
1456
1457
1063
1458
1459
771
1460
1461
523
1462
[541 469 541 360]
1466
1468
758
1469
[305 324]
1471
1472
758
1473
[305 324]
1475
1476
758
1477
[305 324]
1479
1480
758
1481
[305 324]
1483
1484
758
1485
[305 324]
1487
1490
612
1491
1492
1155
1493
1494
906
1495
[757 879 360 542]
1499
1500
541
1501
1502
360
1503
1504
541
1505
1506
360
1507
1508
541
1509
1510
360
1511
[757 879 360 542 757 879 360 542 757 879
360 542 757 879 360 542 757 879 360 542]
1531
1532
451
1533
1534
234
1535
1536
451
1537
1538
234
1539
1540
451
1541
1542
234
1543
1544
451
1545
1546
234
1547
1548
541
1549
1550
271
1551
1556
541
1557
1558
271
1559
1560
541
1561
[577 559]
1563
1564
523
1565
[343 415]
1567
1569
388
1570
1585
451
1586
[645 554 645 554]
1590
1591
271
1592
1593
451
1594
[645 554]
1596
1597
271
1598
[645 554]
1600
1603
812
1604
[207]
1605
1611
0
1612
[1123 1084]
1614
1619
0
1620
[213 371]
1622
1623
0
1624
[600]
1625
1627
0
1628
1629
899
1630
1631
608
1632
1633
1063
1634
1635
771
1636
[541 469 541 360 469 360 343 271 320]
1645
1649
244
1650
[757 879 273 0 414 546 486 541 486 541
486 541 486 541 486 541 486 541 486 541]
1670
1671
562
1672
[486 541 611 836 719 611 719 611]
1680
1681
722
1682
[556 722 837 719 611 606 667 626 611 778
637 931]
1694
1695
278
1696
[722 556 278 556 992 722 611 778 887 744
782 611]
1708
1709
667
1710
[556 600 360 333 611 333 611 802 722 770
556 611 500]
1723
1724
611
1725
1726
526
1727
1728
556
1729
[497 579 611 280 498 584 333 1333 1222 1111
1167 889 556 1278]
1744
[889 556 722 556 0 722 556]
1752
[889 778 611 778 611 722 556 778 611 778]
1762
1763
611
1764
[526 278 1333 1222 1111 778 611 1033 665 722
611 722 556 722 556 667 556 667 556]
1783
1786
278
1787
[778 611 778 611 722 389 722 389 722 611
722 611 667 556 611 333 577 520 722 611
703]
1808
1809
631
1810
[611 500 722 556 667 556 778 611 0 778
611 778 611 778 611 667]
1826
1827
556
1828
1830
611
1831
1832
556
1833
1834
611
1835
[556 782]
1837
1838
497
1839
[691 567 333]
1842
1843
611
1844
[586 556 601]
1847
1849
611
1850
1851
278
1852
[405 332 356 278 604]
1857
1859
889
1860
1861
611
1862
[615 611 833 845 750]
1867
1873
389
1874
1875
583
1876
[556]
1877
1879
333
1880
[540]
1881
1882
333
1883
[611 621 582 556 778 556 571 500 680]
1892
1893
526
1894
1897
556
1898
[778 615 567 586 604 458 556 452 611]
1907
1908
556
1909
[1031 942 1210 813 534 824 869 776 692 534
563]
1920
1921
368
1922
[194]
1923
1925
252
1926
[375 523 360 238 474]
1931
1933
278
1934
1935
333
1936
1937
375
1938
1941
584
1942
1958
333
1959
[366 141 376 366 375]
1964
1968
383
1969
1972
333
1973
[500]
1974
1982
542
1983
[383]
1984
1988
542
1989
[383]
1990
1994
542
1995
[383]
1996
2000
542
2001
[383]
2002
2006
542
2007
[383]
2008
2016
542
2017
[383]
2018
2022
542
2023
[383]
2024
2028
542
2029
[383]
2030
2034
542
2035
[383]
2036
2040
542
2041
[383]
2042
2050
542
2051
[383]
2052
2056
542
2057
[383]
2058
2062
542
2063
[383]
2064
2068
542
2069
[383]
2070
2074
542
2075
[383]
2076
2084
542
2085
[383]
2086
2090
542
2091
[383]
2092
2096
542
2097
[383]
2098
2102
542
2103
[383]
2104
2108
542
2109
[383]
2110
2113
542
2114
2204
0
2205
2207
333
2208
[610 582 770 1001 770 750 845 676 778 611
722 556 611 452 751 529 804 610 992 889
703 611 703 605]
2232
2233
667
2234
[643 604 735 578 507 439 676 618 556 278
778]
2245
2246
479
2247
[667 719 556 615 1280 778 869 703 976 796
667 556 926 800 809 753 1077 980 626 497
809 753 778 611 815 646 815 646 1120 974
814 638 1280 901 0 1280 778 722 556 584]
2287
2292
0
2293
[719 615 719 615 667 611 703 598 626 497
610 500 761 623 879 714 1126 921 722 578
722 556 611 490 853 689 703 581 856 678
856 678 278 904 709 702 598 702 635 722
604 722 604 703 581 833 740 333 722 556
722 556]
2346
[889 667 556 726 556 904 709 626 497 626
526 719 615 719 615 778 611 778 611 711
552 622 556 622 556 622 556 703 581 979
854 719 611 1030 935 959 846 658 536 1013
956 1033 925 778 586 766 701]
2393
2430
0
2431
[722 556 722 611 722 611 722 611 722 556
722 611 722 611 722 611 722 611 722 611
667 556 667 556 667 556 667 556 667 556
611 333 778 611 722 611 722 611 722 611
722 611 722 611]
2475
2478
278
2479
[722 556 722 556 722 556 611 278 611 278
611 278 611 278 833 889 833 889 833 889
722 611 722 611 722 611 722 611 778 611
778 611 778 611 778 611 667 611 667 611
722 389 722 389 722 389 722 389 667 556
667 556 667 556 667 556 667 556 611 333
611 333 611 333 611 333 722 611 722 611
722 611 722 611 722 611 667 556 667 556
944 778 944 778 667 556 667 556 667 556
611 500 611 500 611 500 611 333 778]
2578
2579
556
2580
[278]
2581
2588
615
2589
2590
722
2591
2596
869
2597
2602
475
2603
2604
765
2605
2608
960
2609
2616
611
2617
2618
820
2619
2624
1015
2625
2632
278
2633
2634
375
2635
2640
571
2641
2646
611
2647
2648
827
2649
2650
1042
2651
2652
973
2653
2660
582
2661
[813 999 1048 960]
2665
2672
845
2673
2674
851
2675
2676
1065
2677
2680
997
2681
2682
615
2683
2684
475
2685
2686
611
2687
2688
278
2689
2690
611
2691
2692
582
2693
2694
845
2695
2702
615
2703
2704
722
2705
2710
869
2711
2718
611
2719
2720
820
2721
2726
1015
2727
2734
845
2735
2736
851
2737
2738
1065
2739
2742
997
2743
2749
615
2750
2754
722
2755
2759
333
2760
2764
611
2765
2766
862
2767
2768
917
2769
[722]
2770
2772
333
2773
2780
278
2781
2782
473
2783
2785
333
2786
2789
582
2790
2791
619
2792
2793
582
2794
2795
667
2796
[862 911 765]
2799
2800
465
2801
[333]
2802
2806
845
2807
[924 827 948 851 802]
2812
2813
333
2814
[556]
2815
2816
722
2817
[889 722 1225 944 722 611 1086 500 594]
2826
2829
0
2830
2831
278
2832
[556 667 837 499 833 506]
2838
2839
729
2840
2853
333
2854
2855
397
2856
[333]
2857
2867
0
2868
[667 611 588 776 889 615 556]
2875
2876
575
2877
[500 497 278 507 558 452 740 615 611 556]
2887
2889
618
2890
[944 571]
2892
2893
611
2894
[614]
2895
2896
583
2897
[490 582 611 768 609 556 778 500 484 493
615 417 556 604 614 753 635 486 696]
2916
2917
454
2918
[455]
2919
2920
417
2921
[501 436 181 358 461 390 517 433 434 519
435 419 459 433 435 635]
2937
2938
377
2939
[391 589]
2941
2942
391
2943
2944
376
2945
2946
351
2947
[391 141 349 564 368 410 380]
2954
2955
411
2956
[391 217 368 407 564 364 412 388 364 408
481 379 141 252 368 364 388 364 407 481
379 936 1324 332 1309 657 239 541]
2984
2992
0
2993
2994
343
2995
2996
433
2997
[469 451 469 451 723 696 761 637 643 757
668 820 584]
3010
3012
0
3013
[556 500 479]
3016
3019
234
3020
[852 1189 500]
3024
[500]
3026
[333 250 167 556 278 200 83 0 737 722
833 740 922]
3039
3040
954
3041
3042
722
3043
[556]
3044
3045
611
3046
[556 500 645]
3049
3053
0
3054
[619]
3055
3057
722
3058
[567 417]
3060
3062
0
3063
[386 0 324 405]
3067
3073
0
3074
3075
649
3076
3077
271
3078
3079
649
3080
3081
271
3082
3083
649
3084
3085
271
3086
3087
649
3088
3089
271
3090
3091
649
3092
3093
271
3094
3095
649
3096
3097
271
3098
3099
649
3100
3101
271
3102
[577 559]
3104
3105
523
3106
[577 559]
3108
3109
523
3110
3113
343
3114
3115
433
3116
3117
899
3118
3119
608
3120
[541 469 541 360 541 469 541 360 541 469
541 360]
3132
3133
758
3134
[305 324]
3136
3137
758
3138
[305 324 757 879 360 542 757 879 360 542
757 879 360 542]
3152
3153
360
3154
3155
415
3156
3157
360
3158
3159
415
3160
3161
541
3162
3163
271
3164
3165
541
3166
3167
271
3168
3169
541
3170
3171
271
3172
3173
451
3174
3175
234
3176
3179
433
3180
3181
899
3182
3183
608
3184
3185
611
3186
[333 889]
3188
3189
611
3190
3191
389
3192
[556 333 500 611 367 607 873]
3199
3200
278
3201
[611 582 621]
3204
3205
611
3206
[333 768 556 278 889]
3211
3212
611
3213
[389 556 466]
3216
3217
556
3218
[500 556]
3220
3221
611
3222
[556]
3223
3224
497
3225
[655 278 556 333 611 526 391]
3232
3233
380
3234
[410 351]
3236
3237
242
3238
[391 368 182]
3241
3242
141
3243
[182 308 194 164 286]
3248
3249
564
3250
3251
421
3252
[372 410 501 376 278 217 406 421]
3260
3262
364
3263
3264
361
3265
[468 380 363]
3268
3271
0
3272
[333 377 376 410 366 376 778 722 667 722
333]
3283
3290
615
3291
3298
278
3299
3306
582
3307
3310
278
3311
3314
582
3315
[486 541 484]
3318
3319
722
3320
3321
667
3322
3323
556
3324
[278 775 611 722 389 667]
3330
3333
556
3334
[278 567 417 667 556 667 556 626 497 702
635]
3345
3353
0
3355
[500 556 611 278 611 667 722 556 333 722
611 722 556 611 500 556 541 436 715]
3374
3379
0
3380
[278 723 722 723]
3384
3394
0
3395
[778 611 944 778 715 0 763 606 1044 858
333 389]
3407
3408
238
3409
3410
500
3411
3414
333
3415
3422
0
3423
[611 556 580 434 566 541 566 546 568 525
556 570 554 438]
3437
3438
563
3439
[576 563 567 529 556 567 705 728 731 1146
731 386 699 778 611 264 555 308 611 289
611]
3460
3461
556
3462
[386 308 278 602 616 597 618 565 520 655
634 289 477 619 521 770 631 661 568 666
620 560 512 615 571 790 579 581 520 850
840 521 660 569 618 632]
3498
3503
602
3504
[597]
3505
3508
565
3509
3512
289
3513
[631]
3514
3518
661
3519
3522
615
3523
[581]
3524
3526
602
3527
3528
597
3529
[655]
3530
3531
618
3532
3536
565
3537
3538
655
3539
[597]
3540
3541
634
3542
3546
289
3547
[730 477 619]
3550
3553
521
3554
3556
631
3557
[625]
3558
3560
661
3561
3563
620
3564
3567
560
3568
3571
512
3572
3577
615
3578
3581
790
3582
3584
581
3585
3587
520
3588
[602 850 660 602 616 511 602 565 520 634
661 289 619 560 770 631 528 661 625 568
515 512 581 689 579 679 670 602 565 634
289 661 581 670 289 581 565 729 511 599
560]
3629
3630
289
3631
[477 896 912 692 560 542 623 602]
3639
3640
616
3641
[511 610 565 825 542]
3646
3647
631
3648
[560 588 770 634 661 625 568 597 512 542
702 579 628 593 845 854 719 837 591 599
860 620 424]
3671
3683
333
3684
3694
705
3695
3705
728
3706
3718
731
3719
3727
386
3728
[538]
3729
3731
386
3732
3733
308
3734
[378 394 308]
3737
3744
386
3745
[699]
3746
3754
611
3755
[264 555]
3757
3758
308
3759
[378 394 308]
3762
3763
289
3764
[435 289]
3766
3769
611
3770
[604 560 597 655]
3774
3777
333
3778
[703]
3779
3780
616
3781
[826 604 736]
3784
3798
274
3799
[1674 1774 0 1923]
3803
3806
0
3807
[577 559]
3809
3810
523
3811
[577 559]
3813
3814
523
3815
3816
899
3817
3818
608
3819
3820
433
3821
[577 559]
3823
3824
523
3825
[217 234 217 234 645 554]
3831
3832
271
3833
[645 554]
3835
3836
271
3837
[645 554]
3839
3840
271
3841
3844
451
3845
3848
812
3849
[577 559]
3851
3852
523
3853
3854
899
3855
3856
608
3857
3858
899
3859
3860
608
3861
3862
541
3863
3864
360
3865
[538 581 530 579 965 742 892 636 1483]
3874
3878
0
3879
[645 554]
3881
3882
271
3883
[757 879 360 542 757 879 360 542 645 554]
3893
3894
271
3895
[645 554]
3897
3898
271
3899
[645 554]
3901
3902
271
3903
[0 541 462 611 585 719 634 722 611 1300
558 667 1019 864 809 802 997 864 722 558
1107 947 1127 916 719 604 703 611]
3931
3932
333
3933
[606 840 513 635 606 705 652 833 722 763
700 389 611 500 194 364 667 611 278 947
1405 1103 1410 1923]
3957
3959
198
3960
[234]
3961
3962
207
3963
[198 207 290]
3966
3967
207
3968
[198 207 198 207 198 207 198 207 198]
3977
3981
244
3982
[272 244 200]
3985
3986
343
3987
[595]
3988
3989
371
3990
3991
548
3992
3999
673
4000
4001
553
4002
[528]
4003
4004
553
4005
[528]
4006
4007
649
4008
4009
271
4010
[577 559]
4012
4017
523
4018
4019
758
4020
[305 324]
4022
4023
612
4024
[305 324]
4026
4027
451
4028
4029
234
4030
4031
360
4032
4033
415
4034
[645 577]
4036
4037
271
4038
[645 577]
4040
4041
271
4042
4043
403
4044
4045
451
4046
4047
427
4048
4074
0
4075
[486 541 0 457 550 614 673]
4082
4083
0
4084
4085
319
4086
4094
559
4095
[612 319 394 273 185 556 902 824]]
>>
endobj

428 0 obj
[427 0 R]
endobj

429 0 obj
<<
/BaseFont /LMLNFX+Arial,Bold
/DescendantFonts 428 0 R
/Encoding /Identity-H
/Subtype /Type0
/ToUnicode 121 0 R
/Type /Font
>>
endobj

430 0 obj
[422 0 R]
endobj

431 0 obj
<<
/BaseFont /YDDJRM+Arial-BoldMT
/DescendantFonts 430 0 R
/Encoding /Identity-H
/Subtype /Type0
/ToUnicode 122 0 R
/Type /Font
>>
endobj

432 0 obj
[422 0 R]
endobj

433 0 obj
<<
/BaseFont /NJFRVY+Arial-BoldMT
/DescendantFonts 432 0 R
/Encoding /Identity-H
/Subtype /Type0
/ToUnicode 123 0 R
/Type /Font
>>
endobj

434 0 obj
[422 0 R]
endobj

435 0 obj
<<
/BaseFont /QCJRKM+Arial-BoldMT
/DescendantFonts 434 0 R
/Encoding /Identity-H
/Subtype /Type0
/ToUnicode 124 0 R
/Type /Font
>>
endobj

436 0 obj
[422 0 R]
endobj

437 0 obj
<<
/BaseFont /BDWFIQ+Arial-BoldMT
/DescendantFonts 436 0 R
/Encoding /Identity-H
/Subtype /Type0
/ToUnicode 125 0 R
/Type /Font
>>
endobj

438 0 obj
<<
/Ordering (~´\230p\036\240\032\000)
/Registry (v´\222|\017)
/Supplement 0
>>
endobj

439 0 obj
<<
/Ascent 1040
/CIDSet 126 0 R
/CapHeight 716
/Descent -325
/Flags 4
/FontBBox [-665 -325 2000 1040]
/FontFamily (o\033\211\220x)
/FontFile2 127 0 R
/FontName /BDWFIQ+ArialMT
/FontStretch /Normal
/FontWeight 400
/ItalicAngle 0
/StemV 88
/Type /FontDescriptor
/XHeight 519
>>
endobj

440 0 obj
<<
/BaseFont /BDWFIQ+ArialMT
/CIDSystemInfo 438 0 R
/CIDToGIDMap /Identity
/DW 1000
/FontDescriptor 439 0 R
/Subtype /CIDFontType2
/Type /Font
/W [0
[750 0 278 278 278 355 556 556 889 667
191 333 333 389 584 278 333 278 278 556
556 556 556 556 556 556 556 556 556 278
278 584 584 584 556 1015 667 667 722 722
667 611 778 722 278 500 667 556 833 722
778 667 778 722 667 611 722 667 944 667
667 611 278 278 278 469 556 333 556 556
500 556 556 278 556 556 222 222 500 222
833 556 556 556 556 333 500 278 556 500
722 500 500 500 334 260 334 584 667 667
722 667 722 778 722 556 556 556 556 556
556 500 556 556 556 556 278 278 278 278
556 556 556 556 556 556 556 556 556 556
556 400 556 556 556 350 537 611 737 737]
141
[333 333 549]
145
[778 713 549 549 549 556 576 494 713 823
549 274 370 365 768 889 611 611 333 584
549 556 549 612 556 556]
172
[667 667 778]
176
[944 556]
179
[333 333 222 222 549 494 500 667 167 556
333 333 500 500 556 278 222 333]
198
[667 667 667 667 667 278 278 278 278 778
778 778 722 722 722 278 333 333 333 333
333 333 333 333 333 333 556 222 667 500
611 500 260 722 556 667 500 667 556 584
584 333 333 333 834 834 834 556 778 556
278 667 500 722 500 722 500 556 552 333
667 556 667 556 722 615 722 667 556 667
556 556 222 556 292 556 334 722 556 722
556 778 556 722 333 722 333 667 500 611
278 611 375 722 556 722 556 611 500 611
500 551 778 798 578 557 446 617 395 648
552 500 365 1094]
313
[500]
315
[500]
317
[500 500 979 719 583 604 584 604 604 708
625 708 708 708 708 708 708 708 708 708
708 708 708 708 708 708 708 708 708 708
708 708 708 708 708 708 708 708 708 708
708 708 708 708 708 708 708 708 708 708
708 708 708 708 708 708 729 604]
376
[990 990 990 990 604 604 604 1021 1052 917
750 750 531 656 594 510 500 750 735 444
604 188 354 885 323 604 354 354 604 354
667 556 722 500 722 500 667 556 667 556
667 556 778 556 778 556 778 556 722 556
722 556 278 278 278 278 278 278 278 222
500 222 667 500 500 556 222 722 556 723
556 778 556 778 556 722 333 667 500 611
278 722 556 722 556 722 556 722 556 944
722 667 500 222 667 556]
473
[889 778 611 278 944 722 944 722 944 722
667 500 222 333 556 600 834 834 834 834
333 333 333 333 667 784 838 384 774 855
752 222 667 667 668 667 611 722 278 667
668 833 722 650 778 722 667 618 611 667
667 835 748 278 667 578 446 556 222 547
575 500 441 556 556 222 500 500 576 500
448 556 569 482 547 525 713 781 222 547
556 547 781 667 865 542 719 667 278 278
500 1057 1010 854 583 635 719 667 656 667
542 677 667 923 604 719 719 583 656 833
722 778 719 667 722 611 635 760 667 740
667 917 938 792 885 656 719 1010 722 556
573 531 365 583 556 669 458 559 559 438
583 688 552 556 542 556 500 458 500 823
500 573 521 802 823 625 719 521 510 750
542 556 556 365 510 500 222 278 222 906
813 556 438 500 552 489 411]
651
[1073 690 0 0 0 0 0 0 0 0
0 0 0 0 0 383 0 275 0 0
278 563 542 399 508 602 247 382 599 590
247 509 461 463 599 601 247 353 574 529
566 546 461 479 550 509 694 643 493 493
493 236 417 815 247 509 509 463 463 535
694 694 694 694 563 563 563 542 399 508
602 287 411 590 287 509 461 463 601 353
574 566 546 479 550 509 694 643 247 542
461 546 576 0 0 0 0 319 319 356
413 207 0 0 0 0 0 0 0 0
526 526 526 526 526 526 526 526 526 526
526 319 526 750 750 282 750 526 526 526
750 750 750 750 750 0 750 750 750 750
750 750 750 750 638 750 750 750 713 713
244 244 750 750 750 750 563 526 530 530
489 489 812 933 394 515 812 933 394 515
638 588 375 750 750 750 750 750 750 750
750 750 750 750 750 750 750 750 0 0
0 0 0 750 750 0 0 0 0 0
0 0 0 0 0 0 0 0 0 0
0 556]
864
[750 750 750 750 750 750 750 750 750 750
750 750 750 750 750 750 750 750 750 750
750 750 750 750 750 750 750 750 319 319
750 616 413 207 229 207 229 432 432 207
229 638 588 244 244 207 229 713 713 244
244 282 375 713 713 244 244 713 713 244
244 563 526 530 530 563 526 530 530 563
526 530 530 337 337 337 337 489 489 489
489 821 821 531 531 821 821 531 531 1098
1098 846 846 1098 1098 846 846 582 582 582
582 582 582 582 582 544 450 526 394 544
450 526 394 789 789 268 263 582 582 268
263 601 601 394 394 506 506 207 207 338
338 394 394 526 526 244 244 282 375 450
394 432 432 638 588 638 588 244 244 544
601 544 601 544 601 544 601 750 750 0
0 750 750 750 0 0 750 750 0 0
750 750 750 0 0 0 0 0 0 750
0 0 750 750 750 750 750 750 750 750
750 750 750 750 750 750 750 750 750 750
750 750 750 750 750 750 750 750 750 750
750 750 750 750 750 750 750 750 750 750
750 750 750 750 750 750 750 750 750 750
750 750 750 750 750 750 319 319 319 750
750 750 750 750 750 750 750 750 750 750
750 750 750 750 750 750 750 750 750 750
750 750 750 125]
1129
[2000 857 656 854 669 0 0 0 0 0
0 0 0 0 0 0 0 0 0 0
0 513 834 834 0 0 0 0 0 0
0 0 0 0 0 0 0 0 0 0
0 0 0 0 0 0 0 0 0 0
0 0 0 0 0 0 0 0 222 667
556 667 556 667 556 667 556 667 556 667
556 667 556 667 556 667 556 667 556 667
556 667 556 667 556 667 556 667 556 667
556 667 556 667 556 667 556 667 556 278
222 278 222 778 556 778 556 778 556 778
556 778 556 778 556 778 556 857 656 857
656 857 656 857 656 857 656 722 556 722
556 854 669 854 669 854 669 854 669 854
669 667 500 667 500 667 500 667 556 278
222 778 556 722 556 722 556 722 556 722
556 722 556 0 0 0 0 542 365 923
669 583 438 583 438 722 552 556 500 556
500 667 500 667 521 667 556 752 556 778
556 713 244 268 263 582 244 244 244 244
244 244 269 0 0 333 333 0 0 0
0 207 229 207 229 207 229 207 229 432
432 432 432 638 588 713 713 244 244 713
713 244 244 713 713 244 244 713 713 244
244 713 713 244 244 713 713 244 244 713
713 244 244 563 526 530 530 563 526 530
530 563 526 530 530 563 526 530 530 563
526 530 530 563 526 530 530 337 337 337
337 337 337 337 337 337 337 337 337 337
337 337 337 337 337 489 489 489 489 489
489 489 489 489 489 489 489 489 489 489
489 821 821 531 531 821 821 531 531 821
821 531 531 1098 1098 846 846 1098 1098 846
846 582 582 544 450 526 394 789 789 789
268 263 789 789 268 263 789 789 268 263
789 789 268 263 789 789 268 263 582 582
582 582 1155 1155 906 906 812 933 394 515
601 601 394 394 601 601 394 394 601 601
394 394 812 933 394 515 812 933 394 515
812 933 394 515 812 933 394 515 812 933
394 515 506 506 207 207 506 506 207 207
506 506 207 207 506 506 207 207 526 526
244 244 526 526 526 526 526 526 244 244
526 526 563 526 530 530 282 375 388 388
388 432 432 432 432 432 432 432 432 432
432 432 432 432 432 432 432 638 588 638
588 244 244 432 432 638 588 244 244 638
588 812 812 812 812 207 0 0 0 0
0 0 0 1123 1084 0 0 0 0 0
0 194 370 0 0 600 0 0 0 821
821 531 531 1098 1098 846 846 544 450 526
394 413 338 282 244 320 244 244 244 244
244 812 933 247 0 342 493 544 601 544
601 544 601 544 601 544 601 544 601 544
601 526 526 544 601 556 758 656 556 656
556 722 722 500 722 810 656 556 557 667
604 611 778 624 881 222 278 667 500 222
500 891 722 556 778 868 667 754 556 667
667 500 618 380 278 611 278 611 748 722
772 500 611 500 611 611 545 545 556 556
458 487 556 260 413 584 278 1333 1222 1049
1062 833 451 1222 944 771 556 667 556 0
667 556]
1752
[889 778 556 778 556 667 500 778 556 778
556 611 545 222 1333 1222 1049 778 556 1034
618 722 556 667 556 667 556 667 556 667
556 278 278 278 278 778 556 778 556 722
333 722 333 722 556 722 556 667 500 611
278 545 437 722 556 706 604 565 611 500
667 556 667 556 778 556 0 778 556 778
556 778 556 667 500 556 556 556 556 500
500 556 556 556 739 458 458 631 507 278
556 556 559 501 617 556 556 556 222 222
356 327 304 222 572 833 833 833 556 556
553 556 791 781 550 333 333 333 333 333
333 333 542 542 500 222 260 222 349 278
278 556 568 547 500 722 500 520 500 541
545 545 500 500 500 500 778 531 507 559
552 397 500 404 556 500 500 964 906 1005
712 429 719 764 661 632 485 527 383 383
159 240 240 240 364 481 321 191 355 222
222 222 333 333 349 349 584 584 584 584
333 333 333 333 333 333 333 278 278 333
333 333 333 333 333 333 333 322 157 340
328 349 383 383 383 383 383 333 333 333
333 333 542 542 542 542 542 542 542 542
542 383 542 542 542 542 542 383 542 542
542 542 542 383 542 542 542 542 542 383
542 542 542 542 542 383 542 542 542 542
542 542 542 542 542 383 542 542 542 542
542 383 542 542 542 542 542 383 542 542
542 542 542 383 542 542 542 542 542 383
542 542 542 542 542 542 542 542 542 383
542 542 542 542 542 383 542 542 542 542
542 383 542 542 542 542 542 383 542 542
542 542 542 383 542 542 542 542 542 542
542 542 542 383 542 542 542 542 542 383
542 542 542 542 542 383 542 542 542 542
542 383 542 542 542 542 542 383 542 542
542 542 0 0 0 0 0 0 0 0
0 0 0 0 0 0 0 0 0 0
0 0 0 0 0 0 0 0 0 0
0 0 0 0 0 0 0 0 0 0
0 0 0 0 0 0 0 0 0 0
0 0 0 0 0 0 0 0 0 0
0 0 0 0 0 0 0 0 0 0
0 0 0 0 0 0 0 0 0 0
0 0 0 0 0 0 0 0 0 0
0 0 0 333 333 333 575 547 772 958
772 560 781 601 778 556 722 500 611 404
625 529 756 577 891 833 674 556 674 500
667 667 609 596 737 554 464 410 601 573
500 222 778 442 442 667 719 556 559 1338
624 778 613 950 713 668 500 897 695 829
685 1053 867 604 458 796 688 778 556 803
631 803 631 1074 896 833 612 1191 852 0
1338 624 722 500 503 0 0 0 0 0
0 719 559 656 521 667 556 670 549 604
458 583 438 742 536 879 648 1137 870 753
521 722 500 611 458 925 691 667 521 861
666 861 666 278 923 669 667 551 656 583
722 552 722 552 667 521 833 688 333 667
556 667 556]
2346
[889 667 556 752 556 923 669 604 458 604
545 719 559 719 559 778 556 778 556 719
510 635 500 635 500 635 500 667 521 885
719 656 556 968 876 956 815 663 509 970
910 1034 878 778 559 747 666 0 0 0
0 0 0 0 0 0 0 0 0 0
0 0 0 0 0 0 0 0 0 0
0 0 0 0 0 0 0 0 0 0
0 0 0 0 0 667 556 667 556 667
556 667 556 722 500 722 556 722 556 722
556 722 556 722 556 667 556 667 556 667
556 667 556 667 556 611 278 778 556 722
556 722 556 722 556 722 556 722 556 278
222 278 278 667 500 667 500 667 500 556
222 556 222 556 222 556 222 833 833 833
833 833 833 722 556 722 556 722 556 722
556 778 556 778 556 778 556 778 556 667
556 667 556 722 333 722 333 722 333 722
333 667 500 667 500 667 500 667 500 667
500 611 278 611 278 611 278 611 278 722
556 722 556 722 556 722 556 722 556 667
500 667 500 944 722 944 722 667 500 667
500 667 500 611 500 611 500 611 500 556
278 722 500 556 222 578 578 578 578 578
578 578 578 667 667 813 813 813 813 813
813 446 446 446 446 446 446 765 765 928
928 928 928 556 556 556 556 556 556 556
556 820 820 1015 1015 1015 1015 1015 1015 222
222 222 222 222 222 222 222 375 375 571
571 571 571 571 571 556 556 556 556 556
556 827 827 1022 1022 973 973 547 547 547
547 547 547 547 547 813 960 1009 960 781
781 781 781 781 781 781 781 796 796 992
992 943 943 943 943 578 578 446 446 556
55